time (millis),Left Flywheel Speed,Right Flywheel Speed
1.490327167149E12,65.24093477211342,70.19809903547812
1.490327167163E12,68.82809838288384,73.6865374696043
1.490327167168E12,68.82809838288384,73.6865374696043
1.490327167172E12,68.82809838288384,73.6865374696043
1.490327167175E12,72.15944350637169,76.81140495740807
1.490327167183E12,72.15944350637169,76.81140495740807
1.490327167185E12,72.15944350637169,76.81140495740807
1.490327167188E12,75.74036203893056,76.81140495740807
1.490327167192E12,75.74036203893056,76.3860244129734
1.490327167194E12,75.74036203893056,76.3860244129734
1.490327167199E12,75.74036203893056,76.3860244129734
1.490327167203E12,78.93407426117707,74.55842771187642
1.490327167204E12,78.93407426117707,74.55842771187642
1.490327167208E12,78.93407426117707,74.55842771187642
1.490327167213E12,78.93407426117707,74.55842771187642
1.490327167214E12,81.19288587933926,72.49817848326562
1.49032716722E12,81.19288587933926,72.49817848326562
1.490327167223E12,81.19288587933926,72.49817848326562
1.490327167225E12,80.12531599421496,72.49817848326562
1.490327167229E12,80.12531599421496,72.49817848326562
1.490327167232E12,80.12531599421496,70.6996079706738
1.490327167233E12,80.12531599421496,70.6996079706738
1.490327167239E12,77.88798928261268,70.6996079706738
1.490327167258E12,74.91702938995063,69.858989629433
1.490327167264E12,72.62876171592713,69.858989629433
1.490327167272E12,72.62876171592713,70.10680772156381
1.490327167279E12,71.12628471851774,70.10680772156381
1.490327167286E12,71.12628471851774,70.15180851362348
1.490327167292E12,71.12628471851774,70.15180851362348
1.4903271673E12,70.3215099434615,70.4975008635944
1.490327167308E12,70.11639321273314,70.4975008635944
1.490327167314E12,70.11639321273314,70.63892911383464
1.490327167322E12,70.8215297450425,70.63892911383464
1.490327167328E12,70.8215297450425,70.47886867320007
1.490327167335E12,71.03433089212017,70.47886867320007
1.490327167343E12,71.03433089212017,70.47886867320007
1.490327167347E12,71.03433089212017,70.52957128600094
1.490327167349E12,71.03433089212017,70.52957128600094
1.490327167353E12,71.07901498701031,70.52957128600094
1.490327167357E12,71.07901498701031,70.52957128600094
1.49032716736E12,71.07901498701031,70.17937849142407
1.490327167363E12,71.07901498701031,70.17937849142407
1.490327167367E12,71.76638606009718,70.17937849142407
1.490327167369E12,71.76638606009718,70.17937849142407
1.490327167373E12,71.76638606009718,69.29550722578902
1.490327167379E12,70.696109239628,69.29550722578902
1.490327167383E12,69.25447557048375,67.57898293630682
1.490327167405E12,69.25447557048375,65.42896867588125
1.490327167409E12,67.20723687526673,65.42896867588125
1.490327167415E12,67.20723687526673,65.42896867588125
1.490327167423E12,66.43436782716435,64.13154662844427
1.490327167428E12,66.43436782716435,64.13154662844427
1.490327167433E12,66.43436782716435,64.13154662844427
1.490327167439E12,65.69611604561938,64.02786492681615
1.490327167444E12,65.69611604561938,64.02786492681615
1.490327167449E12,65.69611604561938,64.95552170651146
1.490327167454E12,66.22078008078935,64.95552170651146
1.49032716746E12,66.22078008078935,64.95552170651146
1.490327167467E12,66.22078008078935,65.90024679642426
1.490327167472E12,67.06615741097806,65.90024679642426
1.490327167479E12,67.06615741097806,66.96847124373845
1.490327167484E12,67.9488616866946,66.96847124373845
1.490327167491E12,67.9488616866946,66.96847124373845
1.490327167497E12,68.84634184962583,67.75894079223754
1.490327167504E12,68.84634184962583,67.75894079223754
1.490327167509E12,68.84634184962583,68.21096286595183
1.490327167514E12,69.3989014153906,68.21096286595183
1.490327167523E12,69.3989014153906,68.43877467217827
1.490327167529E12,70.02972761937443,68.43877467217827
1.490327167534E12,70.02972761937443,68.43877467217827
1.490327167542E12,70.18011727097597,68.47626612616068
1.490327167547E12,70.18011727097597,68.47626612616068
1.490327167553E12,70.18011727097597,68.75971230936369
1.490327167559E12,70.1601756810799,68.75971230936369
1.490327167565E12,70.1601756810799,68.56523810993065
1.490327167572E12,70.09599646716178,68.56523810993065
1.490327167578E12,70.09599646716178,68.56523810993065
1.490327167584E12,69.98684247361496,68.54925778291135
1.49032716759E12,69.98684247361496,68.54925778291135
1.490327167598E12,69.76711736224483,68.61016390968159
1.490327167603E12,69.76711736224483,68.61016390968159
1.490327167608E12,69.76711736224483,68.61016390968159
1.490327167614E12,70.03340593463082,68.81554680833494
1.490327167623E12,70.03340593463082,68.81554680833494
1.490327167628E12,69.82191919509292,68.95719482131467
1.490327167633E12,69.82191919509292,68.95719482131467
1.49032716764E12,70.15722233525331,69.09393666158826
1.490327167645E12,70.15722233525331,69.09393666158826
1.49032716765E12,70.15722233525331,69.09393666158826
1.490327167656E12,70.13139116134077,69.091311076719
1.490327167662E12,70.13139116134077,69.091311076719
1.490327167667E12,70.13139116134077,69.091311076719
1.490327167672E12,70.20450572517744,68.93913019499433
1.490327167679E12,70.20450572517744,68.93913019499433
1.490327167684E12,70.31162110473619,68.88404404445777
1.490327167689E12,70.31162110473619,68.88404404445777
1.490327167694E12,70.07119233140871,68.8892639526593
1.490327167702E12,70.07119233140871,68.8892639526593
1.490327167705E12,70.07119233140871,68.8892639526593
1.490327167712E12,70.14368934762862,68.97098735416948
1.490327167718E12,70.14368934762862,68.97098735416948
1.490327167723E12,70.14368934762862,68.97098735416948
1.490327167728E12,70.07438395857203,69.06912092276346
1.490327167733E12,70.07438395857203,69.06912092276346
1.49032716774E12,70.0353678607697,69.2300236766681
1.490327167744E12,70.0353678607697,69.2300236766681
1.49032716775E12,70.0353678607697,69.2300236766681
1.490327167758E12,70.41807209402222,69.3139993484484
1.49032716776E12,70.41807209402222,69.3139993484484
1.490327167763E12,70.41807209402222,69.3139993484484
1.490327167765E12,70.41807209402222,69.3139993484484
1.490327167769E12,70.0832238282961,69.3139993484484
1.490327167773E12,70.0832238282961,69.17806086977576
1.490327167777E12,70.0832238282961,69.17806086977576
1.490327167779E12,70.0832238282961,69.17806086977576
1.490327167783E12,70.4793654037939,69.17806086977576
1.490327167785E12,70.56914011502771,69.39938303948477
1.490327167805E12,70.56914011502771,69.39938303948477
1.490327167808E12,70.56914011502771,69.39938303948477
1.49032716781E12,70.39576499077816,69.39938303948477
1.490327167813E12,70.39576499077816,69.39938303948477
1.490327167814E12,70.39576499077816,69.44709693773027
1.49032716782E12,70.39576499077816,69.44709693773027
1.490327167824E12,70.39576499077816,69.44709693773027
1.490327167827E12,70.57959967251067,69.44709693773027
1.490327167829E12,70.57959967251067,69.45674407620794
1.490327167832E12,70.57959967251067,69.45674407620794
1.490327167834E12,70.57959967251067,69.45674407620794
1.490327167839E12,70.57959967251067,69.45674407620794
1.490327167842E12,70.56988712346555,69.56957305153018
1.490327167844E12,70.56988712346555,69.56957305153018
1.490327167848E12,70.56988712346555,69.56957305153018
1.490327167865E12,70.5248459032117,69.42973884003736
1.490327167868E12,70.39626055063955,69.42973884003736
1.49032716787E12,70.39626055063955,69.2866249099274
1.490327167873E12,70.39626055063955,69.2866249099274
1.490327167874E12,70.39626055063955,69.2866249099274
1.490327167879E12,70.39626055063955,69.2866249099274
1.490327167882E12,70.39626055063955,69.2866249099274
1.490327167892E12,70.3601030071908,69.21924156477019
1.490327167894E12,70.3601030071908,69.21924156477019
1.490327167898E12,70.69211111386025,69.21924156477019
1.490327167902E12,70.69211111386025,69.2444050520718
1.490327167904E12,70.69211111386025,69.2444050520718
1.490327167907E12,70.69211111386025,69.2444050520718
1.49032716791E12,70.37371963813834,69.2444050520718
1.490327167913E12,70.37371963813834,69.2444050520718
1.490327167917E12,70.37371963813834,69.32529159950779
1.490327167919E12,70.37371963813834,69.32529159950779
1.490327167922E12,70.37371963813834,69.32529159950779
1.490327167924E12,70.52982000789935,69.32529159950779
1.490327167928E12,70.52982000789935,69.32529159950779
1.490327167932E12,70.52982000789935,69.55408873710641
1.490327167934E12,70.52982000789935,69.55408873710641
1.490327167939E12,70.60626065713247,69.55408873710641
1.490327167949E12,70.60626065713247,69.57271914536872
1.490327167952E12,70.60626065713247,69.57271914536872
1.490327167953E12,70.62271579653596,69.41407578628795
1.490327167973E12,70.62271579653596,69.33057859834369
1.49032716798E12,70.42575892558463,69.33057859834369
1.490327167984E12,70.42575892558463,69.33057859834369
1.49032716799E12,70.42575892558463,69.2674276848055
1.490327167997E12,70.80322721109629,69.2674276848055
1.490327168003E12,70.80322721109629,69.28470470858854
1.490327168009E12,70.45478564131469,69.28470470858854
1.490327168017E12,70.45478564131469,69.42299081186717
1.490327168023E12,70.55719013046026,69.42299081186717
1.49032716803E12,70.55719013046026,69.45819137815471
1.490327168038E12,70.55893258446787,69.58482215859077
1.490327168049E12,70.55893258446787,69.58482215859077
1.490327168052E12,70.55893258446787,69.58482215859077
1.490327168053E12,70.43567989800914,69.58482215859077
1.490327168058E12,70.43567989800914,69.49391059608402
1.490327168064E12,70.43567989800914,69.49391059608402
1.490327168065E12,70.63493745276288,69.49391059608402
1.490327168069E12,70.63493745276288,69.49391059608402
1.49032716807E12,70.63493745276288,69.49391059608402
1.490327168072E12,70.63493745276288,69.49391059608402
1.490327168072E12,70.63493745276288,69.49391059608402
1.490327168077E12,70.63493745276288,69.3736255350441
1.490327168078E12,70.63493745276288,69.3736255350441
1.49032716808E12,70.63493745276288,69.3736255350441
1.490327168084E12,70.41732829614712,69.3736255350441
1.490327168085E12,70.41732829614712,69.3736255350441
1.490327168088E12,70.41732829614712,69.37940125576716
1.490327168089E12,70.41732829614712,69.37940125576716
1.490327168093E12,70.41732829614712,69.37940125576716
1.490327168094E12,70.41732829614712,69.37940125576716
1.490327168098E12,70.71860712631404,69.37940125576716
1.490327168099E12,70.71860712631404,69.37940125576716
1.490327168102E12,70.71860712631404,69.27774487084898
1.490327168103E12,70.71860712631404,69.27774487084898
1.490327168103E12,70.71860712631404,69.27774487084898
1.490327168108E12,70.71860712631404,69.27774487084898
1.490327168112E12,70.56814412837757,69.27774487084898
1.490327168113E12,70.56814412837757,69.27774487084898
1.490327168113E12,70.56814412837757,69.27774487084898
1.490327168118E12,70.56814412837757,69.20774434659239
1.490327168122E12,70.56814412837757,69.20774434659239
1.490327168123E12,70.56814412837757,69.20774434659239
1.490327168123E12,70.3601030071908,69.20774434659239
1.490327168127E12,70.3601030071908,69.20774434659239
1.490327168129E12,70.3601030071908,69.20774434659239
1.490327168132E12,70.3601030071908,69.32697373894236
1.490327168134E12,70.3601030071908,69.32697373894236
1.490327168137E12,70.74412204775936,69.32697373894236
1.49032716814E12,70.74412204775936,69.32697373894236
1.490327168144E12,70.74412204775936,69.32697373894236
1.490327168145E12,70.74412204775936,69.48280474289625
1.490327168148E12,70.74412204775936,69.48280474289625
1.490327168149E12,70.74412204775936,69.48280474289625
1.490327168152E12,70.33684314180611,69.48280474289625
1.490327168154E12,70.33684314180611,69.48280474289625
1.490327168158E12,70.33684314180611,69.48280474289625
1.490327168161E12,70.33684314180611,69.46301615362441
1.490327168163E12,70.33684314180611,69.46301615362441
1.490327168164E12,70.33684314180611,69.46301615362441
1.490327168167E12,70.4190638489652,69.46301615362441
1.49032716817E12,70.4190638489652,69.46301615362441
1.490327168173E12,70.4190638489652,69.46301615362441
1.490327168174E12,70.4190638489652,69.36472318273096
1.490327168179E12,70.4190638489652,69.36472318273096
1.490327168182E12,70.51664016416274,69.36472318273096
1.490327168184E12,70.51664016416274,69.36472318273096
1.490327168187E12,70.51664016416274,69.36472318273096
1.49032716819E12,70.51664016416274,69.47652909155964
1.490327168197E12,70.44113762437264,69.47652909155964
1.4903271682E12,70.44113762437264,69.47652909155964
1.490327168205E12,70.44113762437264,69.47701179372275
1.49032716821E12,70.67986966632034,69.47701179372275
1.490327168215E12,70.67986966632034,69.47701179372275
1.49032716822E12,70.67986966632034,69.45650286508075
1.490327168225E12,70.4178241596513,69.45650286508075
1.49032716823E12,70.4178241596513,69.45650286508075
1.490327168237E12,70.61548456345508,69.48787436592315
1.49032716824E12,70.61548456345508,69.48787436592315
1.490327168245E12,70.61548456345508,69.48787436592315
1.49032716825E12,70.61548456345508,69.53329254046838
1.490327168255E12,70.48979836393178,69.53329254046838
1.49032716826E12,70.48979836393178,69.55070246209486
1.490327168265E12,70.48979836393178,69.55070246209486
1.49032716827E12,70.0228624645947,69.55070246209486
1.490327168277E12,70.0228624645947,67.99575706475916
1.49032716828E12,67.50553545390723,67.99575706475916
1.490327168285E12,67.50553545390723,67.99575706475916
1.49032716829E12,67.50553545390723,67.99575706475916
1.490327168295E12,67.50553545390723,63.91655055159983
1.4903271683E12,62.85335369781994,63.91655055159983
1.490327168305E12,62.85335369781994,63.91655055159983
1.49032716831E12,62.85335369781994,62.81998932060182
1.490327168317E12,62.985976172405216,62.81998932060182
1.49032716832E12,62.985976172405216,62.81998932060182
1.490327168325E12,62.985976172405216,64.751741821855
1.49032716833E12,65.46109156370183,64.751741821855
1.490327168339E12,65.46109156370183,66.76280510601934
1.490327168343E12,68.13242217574077,66.76280510601934
1.490327168344E12,68.13242217574077,66.76280510601934
1.49032716835E12,68.13242217574077,68.54338453524159
1.490327168358E12,70.01085168201071,68.54338453524159
1.490327168363E12,70.01085168201071,69.36015259233571
1.490327168373E12,71.19059145143378,69.36015259233571
1.490327168382E12,71.19059145143378,70.01648888313198
1.490327168389E12,71.58042418559373,70.01648888313198
1.490327168393E12,71.58042418559373,70.01648888313198
1.490327168398E12,71.19236533074194,69.83240223463687
1.490327168402E12,71.19236533074194,69.83240223463687
1.490327168407E12,71.19236533074194,69.83240223463687
1.490327168409E12,71.19236533074194,69.82581949327403
1.490327168414E12,70.70960625355758,69.82581949327403
1.490327168418E12,70.70960625355758,69.82581949327403
1.490327168422E12,70.70960625355758,69.82581949327403
1.490327168424E12,70.70960625355758,69.43624710971622
1.490327168425E12,70.70960625355758,69.43624710971622
1.490327168438E12,70.59429809854258,69.46832418088162
1.490327168441E12,70.32027368650519,69.46832418088162
1.490327168443E12,70.32027368650519,69.46832418088162
1.490327168446E12,70.32027368650519,69.46832418088162
1.490327168453E12,70.32027368650519,69.41094402354419
1.490327168456E12,70.58009782401558,69.41094402354419
1.490327168463E12,70.58009782401558,69.41094402354419
1.490327168469E12,70.54798144588088,69.33514529179696
1.490327168473E12,70.54798144588088,69.33514529179696
1.490327168479E12,70.54798144588088,69.33514529179696
1.490327168483E12,70.4336954799176,69.52338245160304
1.490327168489E12,70.4336954799176,69.52338245160304
1.490327168494E12,70.61648188687239,69.37410680837485
1.4903271685E12,70.61648188687239,69.37410680837485
1.490327168504E12,70.61648188687239,69.37410680837485
1.490327168508E12,70.61648188687239,69.45915627962867
1.490327168513E12,70.44833319243668,69.45915627962867
1.490327168518E12,70.44833319243668,69.45915627962867
1.490327168523E12,70.44833319243668,69.45915627962867
1.490327168527E12,70.56440942881639,69.3924001443362
1.490327168534E12,70.56440942881639,69.3924001443362
1.490327168543E12,70.58906575371476,69.55699152100274
1.490327168547E12,70.58906575371476,69.55699152100274
1.490327168549E12,70.58906575371476,69.49439353980118
1.490327168557E12,70.62121955784055,69.49439353980118
1.490327168559E12,70.62121955784055,69.49439353980118
1.490327168563E12,70.62121955784055,69.49439353980118
1.490327168567E12,70.62121955784055,69.44999079787623
1.490327168572E12,70.85213867180582,69.44999079787623
1.490327168578E12,70.85213867180582,69.44999079787623
1.490327168582E12,70.58408328921828,69.58240121908368
1.490327168589E12,70.58408328921828,69.58240121908368
1.490327168599E12,70.6090026478376,69.57586552376712
1.490327168603E12,70.6090026478376,69.57586552376712
1.490327168605E12,70.6090026478376,69.57586552376712
1.490327168608E12,70.6090026478376,69.57586552376712
1.490327168612E12,70.6953595565987,69.28470470858854
1.490327168617E12,70.5925538974149,69.44830268348242
1.490327168628E12,70.5925538974149,69.44830268348242
1.490327168633E12,70.5925538974149,69.44830268348242
1.490327168638E12,70.5925538974149,69.5004309026716
1.490327168643E12,70.60526362240306,69.5004309026716
1.490327168664E12,70.79069668664145,69.4364881801738
1.490327168672E12,70.79069668664145,69.4364881801738
1.490327168673E12,70.79069668664145,69.4364881801738
1.490327168677E12,70.79069668664145,69.4364881801738
1.49032716868E12,70.5539543727577,69.4364881801738
1.490327168683E12,70.5539543727577,69.56521739130436
1.490327168687E12,70.5539543727577,69.56521739130436
1.490327168688E12,70.5539543727577,69.56521739130436
1.490327168692E12,70.5539543727577,69.56521739130436
1.490327168693E12,70.5539543727577,69.56521739130436
1.490327168698E12,70.60451586483471,69.53764420368967
1.490327168699E12,70.60451586483471,69.53764420368967
1.490327168703E12,70.60451586483471,69.53764420368967
1.490327168708E12,70.60451586483471,69.53764420368967
1.490327168732E12,70.31236267116667,69.44854383765708
1.490327168739E12,70.6127420693064,69.58772750837663
1.490327168747E12,70.6127420693064,69.58772750837663
1.49032716877E12,70.73761649601217,69.37940125576716
1.490327168772E12,70.73761649601217,69.37940125576716
1.490327168773E12,70.73761649601217,69.37940125576716
1.490327168773E12,70.73761649601217,69.37940125576716
1.490327168774E12,70.73761649601217,69.37940125576716
1.490327168777E12,70.73761649601217,69.37940125576716
1.490327168779E12,70.73761649601217,69.37940125576716
1.490327168782E12,70.88654254433068,69.37940125576716
1.490327168783E12,70.88654254433068,69.37940125576716
1.490327168783E12,70.88654254433068,69.2986285801404
1.490327168784E12,70.88654254433068,69.2986285801404
1.490327168792E12,70.88654254433068,69.2986285801404
1.490327168793E12,70.88654254433068,69.2986285801404
1.490327168793E12,70.88654254433068,69.2986285801404
1.490327168798E12,70.54499536166655,69.31207762952695
1.490327168802E12,70.54499536166655,69.31207762952695
1.490327168808E12,70.54499536166655,69.31207762952695
1.490327168813E12,70.89131652263914,69.48811579499616
1.490327168818E12,70.89131652263914,69.48811579499616
1.490327168823E12,70.4495739562015,69.48811579499616
1.490327168827E12,70.4495739562015,69.49391059608402
1.490327168832E12,70.4495739562015,69.49391059608402
1.490327168839E12,70.45726766715987,69.49391059608402
1.490327168843E12,70.45726766715987,69.608798552137
1.490327168853E12,70.62895080693576,69.61679435547032
1.490327168862E12,70.62895080693576,69.61679435547032
1.490327168865E12,70.62895080693576,69.61679435547032
1.490327168872E12,70.53877516470804,69.78805368097089
1.490327168877E12,70.53877516470804,69.78805368097089
1.49032716888E12,70.68311698409276,69.78805368097089
1.490327168887E12,70.68311698409276,69.56207197587588
1.490327168892E12,70.68311698409276,69.56207197587588
1.490327168897E12,70.60626065713247,69.56207197587588
1.490327168902E12,70.60626065713247,69.54659099997566
1.490327168905E12,70.60626065713247,69.54659099997566
1.490327168909E12,70.78568571863399,69.54659099997566
1.490327168913E12,70.78568571863399,69.54828389609487
1.490327168917E12,70.78568571863399,69.54828389609487
1.49032716892E12,70.78568571863399,69.54828389609487
1.490327168923E12,70.54499536166655,69.54828389609487
1.490327168926E12,70.54499536166655,69.57901218676399
1.49032716893E12,70.54499536166655,69.57901218676399
1.490327168935E12,70.54499536166655,69.57901218676399
1.49032716894E12,70.3640636654048,69.57901218676399
1.490327168945E12,70.3640636654048,69.6034690368968
1.49032716895E12,70.3640636654048,69.6034690368968
1.490327168955E12,70.74962768008434,69.50791868963672
1.49032716896E12,70.74962768008434,69.50791868963672
1.490327168965E12,70.52832770282184,69.50791868963672
1.49032716897E12,70.52832770282184,69.50791868963672
1.490327168976E12,70.52832770282184,69.58482215859077
1.49032716898E12,70.65539948562869,69.58482215859077
1.490327168985E12,70.65539948562869,69.72722708763318
1.49032716899E12,70.65539948562869,69.72722708763318
1.490327168995E12,70.696109239628,69.72722708763318
1.490327169E12,70.696109239628,69.55312119631368
1.490327169006E12,70.696109239628,69.55312119631368
1.49032716901E12,70.60127576505307,69.55312119631368
1.490327169016E12,70.60127576505307,69.55989454719987
1.49032716902E12,70.60127576505307,69.55989454719987
1.490327169025E12,70.70485671660786,69.55989454719987
1.49032716903E12,70.70485671660786,69.54804204874623
1.490327169035E12,70.70485671660786,69.54804204874623
1.49032716904E12,70.46471479406688,69.54804204874623
1.490327169045E12,70.46471479406688,69.55505630481808
1.49032716905E12,70.77766964522694,69.55505630481808
1.490327169056E12,70.77766964522694,69.61824833525364
1.49032716906E12,70.77766964522694,69.61824833525364
1.490327169065E12,70.60277115876798,69.61824833525364
1.49032716907E12,70.60277115876798,69.61824833525364
1.490327169075E12,70.60277115876798,69.60322680559472
1.49032716908E12,70.64317074807586,69.60322680559472
1.490327169085E12,70.64317074807586,69.60322680559472
1.49032716909E12,70.64317074807586,69.70729905128367
1.490327169095E12,70.6706289332622,69.70729905128367
1.4903271691E12,70.6706289332622,69.56642724221291
1.490327169105E12,70.6706289332622,69.56642724221291
1.49032716911E12,70.52882513083097,69.56642724221291
1.490327169115E12,70.52882513083097,69.5403038215874
1.49032716912E12,70.52882513083097,69.5403038215874
