new thread id: 8name Some-Notifier-Thread priority 5
4770441
-1
4787348
-1
4803413
4803663
4803746
4807243
4812254
4817197
4822261
4827201
4832224
4837195
4842241
4847197
4852206
4857187
4862234
4867190
4872218
4877213
4882291
4887204
4892188
4897198
4902230
4907191
4912189
4917207
4922244
4927211
4932189
4937221
4942246
4947190
4952199
4957210
4962245
4967210
4972194
4977208
4982352
4987262
4992207
4997223
5002247
5007212
5012203
5017211
5022247
5027197
5032187
5037219
5042245
5047190
5052187
5057211
5062243
5067204
5072196
5077267
5082229
5087190
5092339
5097210
5102251
5107203
5112199
5117190
5122249
5127188
5132186
5137189
5142236
5147198
5152190
5157177
5162246
5167203
5172186
5177198
5182248
5187196
5192199
5197182
5202255
5207207
5212190
5217201
5222241
5227222
5232213
5237182
5242236
5247211
5252200
5257199
5262250
5267216
5272192
5277181
5282275
5287222
5292205
5297194
5302246
5307205
5312202
5317180
5322246
5327230
5332205
5337193
5342245
5347224
5352207
5357185
5362232
5367215
5372209
5377181
5382240
5387225
5392202
5397184
5402242
5407214
5412209
5417181
5422250
5427222
5432194
5437196
5442240
5447199
5452215
5457192
5462244
5467203
5472222
5477204
5482230
5487191
5492213
5497200
5502242
5507202
5512216
5517187
5522271
5527201
5532216
5537186
5542233
5547195
5552213
5557195
5562243
5567188
5572210
5577191
5582230
5587208
5592227
5597195
5602248
5607203
5612204
5617184
5622253
5627215
5632232
5637190
5642253
5647204
5652207
5657194
5662382
5667249
5672214
5677213
5682255
5687204
5692206
5697210
5702254
5707199
5712196
5717206
5722247
5727202
5732192
5737199
5742241
5747205
5752195
5757212
5762231
5767199
5772187
5777194
5782230
5787196
5792197
5797203
5802241
5807210
5812198
5817197
5822257
5827211
5832206
5837210
5842237
5847207
5852190
5857205
5862250
5867190
5872196
5877191
5882247
5887206
5892196
5897180
5902252
5907202
5912188
5917323
5922271
5927255
5932238
5937246
5942257
5947254
5952251
5957280
5962276
5967251
5972257
5977236
5982270
5987233
5992271
5997223
6002271
6007254
6012268
6017259
6022258
6027303
6032253
6037261
