thread id: 8name Some-Notifier-Thread priority 1
4616207
-1
4632942
-1
4638648
4642859
4647975
4652835
4657824
4662809
4667829
4672813
4678195
4682822
4687845
4692823
4697803
4702823
4707829
4712819
4717798
4722825
4727844
4732804
4737794
4742821
4747872
4752815
4757790
4762822
4767837
4772808
4777804
4782821
4787823
4792815
4797787
4802820
4807832
4812814
4817801
4822849
4827840
4832817
4837797
4842816
4847838
4852817
4857801
4862823
4867832
4872815
4877797
4882831
4887834
4892817
4897792
4902795
4907854
4912823
4917797
4922834
4927863
4932882
4937801
4942811
4947848
4952817
4957798
4962807
4968014
4972863
4977804
4982807
4987839
4992826
4997810
5002805
5007863
5012828
5017814
5022808
5027847
5032832
5037798
5042797
5047842
5052833
5057802
5062807
5067840
5072839
5077822
5082796
5087838
5092881
5097802
5102798
5107854
5112840
5117813
5122810
5127848
5132834
5137803
5142806
5147837
5152833
5157800
5162836
5167839
5172830
5177861
5182823
5187851
5192842
5197827
5202815
5207849
5212853
5217824
5222825
5227845
5232890
5237825
5242871
5248147
5252849
5257851
5262869
5267901
5272855
5277861
5282871
5287859
5292834
5297822
5302823
5307864
5312835
5317823
5322813
5327850
5332841
5337887
5342822
5347913
5352829
5357874
5362826
5367857
5372830
5377857
5382839
5387917
5392829
5397871
5402823
5407866
5412829
5420242
5422879
5427872
5432878
5437881
5442876
5447926
5452903
5457868
5462875
5467887
5472872
5477904
5482921
5487877
5492917
5497877
5502872
5507934
5512924
5517899
5522896
5527884
5532879
5537861
5542910
5547912
5552901
5557898
5562894
5567892
5572911
5577872
5582852
5587999
5592840
5597882
5602832
5607849
5612841
5617809
5622823
5627840
5632839
5637890
5642824
5647869
5652833
5657830
5662820
5668151
5672851
5677820
5682829
5687861
5692850
5697834
5702831
5707918
5712852
5717821
5722817
5727851
5732869
5737941
5742838
5747897
5752853
5757827
5762824
5767956
5772842
5777881
5782822
5787854
5792834
5797826
5802819
5807926
5812824
5817846
5822832
5827925
5832832
5837826
5842810
5847891
5852820
5857912
5862885
5867873
5872847
5877857
5882822
