thread id: 8
4751772
4768278
4774198
4779846
4783228
4788220
4793213
4799371
4803181
4808175
4813153
4820162
4823186
4828171
4833168
4838863
4843187
4848176
4853164
4858200
4863197
4868166
4873157
4878195
4883202
4888173
4893163
4898215
4903207
4908168
4913153
4918200
4923199
4928168
4933165
4938202
4943199
4948164
4953211
4958195
4963201
4968181
4973167
4978198
4983203
4988180
4993156
4998232
5003232
5008224
5013180
5018249
5023222
5028182
5033167
5038201
5043184
5048197
5053168
5058201
5063181
5068193
5073166
5078197
5083202
5088193
5093179
5098218
5103186
5108217
5113193
5118269
5123194
5128196
5133167
5138199
5143184
5148191
5153180
5158205
5163188
5168194
5173173
5178201
5183185
5188191
5193170
5198201
5203179
5208178
5213187
5218198
5223192
5228172
5233188
5238198
5243197
5248175
5253187
5258201
5263193
5268173
5273186
5278201
5283192
5288173
5293258
5298237
5303237
5308214
5313232
5318256
5323262
5328231
5333211
5338236
5343298
5348246
5353240
5358230
5363263
5368313
5373244
5378228
5383230
5388260
5393254
5398234
5403257
5408397
5413277
5418244
5423234
5428305
5433290
5438226
5443197
5448186
5453214
5458204
5463193
5468181
5473166
5478196
5483202
5488189
5493189
5498196
5503203
5508167
5513153
5518200
5523196
5528177
5533167
5538201
5543204
5548226
5553167
5558199
5563201
5568166
5573154
5578197
5583190
5588176
5593167
5598198
5603189
5608213
5613179
5618198
5623192
5628188
5633169
5638244
5643185
5648192
5653162
5658195
5663188
5668180
5673164
5678194
5683241
5688205
5693161
5698215
5703205
5708191
5713163
5718200
5723193
5728191
5733163
5738203
5743189
5748197
5753173
5758198
5763183
5768182
5773174
5778196
5783181
5788175
5793181
5798202
5803188
5808179
5813179
5818199
5823200
5828176
5833184
5838199
5843193
5848176
5853187
5858199
5863179
5868196
5873189
5878203
5883176
5888171
5893190
5898226
5903199
5908174
5913183
5918208
5923194
5928196
5933192
5938201
5943193
5948165
5953189
5958204
5963190
5968176
5973178
5978196
5983252
5988233
5993186
5998209
6003194
6008176
6013158
6018211
