thread id: 8name Some-Notifier-Thread priority 1
4575033
-1
4591234
-1
4597211
4601192
4606701
4611152
4616097
4621093
4626092
4631110
4636089
4641086
4646080
4651100
4656081
4661072
4666083
4671104
4676092
4681077
4686088
4691103
4696094
4701131
4706087
4711099
4716086
4721083
4726096
4731098
4736080
4741086
4746086
4751102
4756092
4761085
4766077
4771124
4776085
4781079
4786086
4791102
4796092
4801088
4806082
4811088
4816095
4821091
4826091
4831076
4836104
4841079
4846095
4851095
4856101
4861088
4866114
4871085
4876110
4881093
4886088
4891091
4896107
4901096
4906092
4911084
4916107
4921082
4926078
4931086
4936165
4941093
4946080
4951086
4956153
4961091
4966091
4971087
4976103
4981090
4986080
4991087
4996103
5001098
5006090
5011087
5016094
5021086
5026089
5031086
5036081
5041102
5046091
5051085
5056087
5061103
5066088
5071084
5076077
5081099
5086089
5091084
5096088
5101124
5106110
5111097
5116097
5121161
5126100
5131087
5136091
5141107
5146093
5151085
5156091
5161101
5166094
5171088
5176090
5181101
5186093
5191097
5196075
5201105
5206102
5211089
5216095
5221109
5226087
5231081
5236090
5241096
5246102
5251090
5256088
5261072
5266101
5271079
5276094
5281084
5286106
5291079
5296088
5301085
5306103
5311088
5316086
5321083
5326103
5331094
5336078
5341084
5346098
5351091
5356076
5361086
5366095
5371090
5376091
5381076
5386104
5391087
5396133
5401086
5406105
5411091
5416085
5421083
5426108
5431087
5436098
5441095
5446096
5451103
5456090
5461090
5466080
5471105
5476092
5481090
5486084
5491098
5496101
5501092
5506089
5511110
5516090
5521087
5526092
5531101
5536096
5541095
5546082
5551100
5556095
5561088
5566084
5571091
5576120
5581092
5586085
5591090
5596080
5601087
5606125
5611123
5616106
5621089
5626091
5631108
5636096
5641087
5646096
5651101
5656095
5661092
5666077
5671087
5676104
5681093
5686091
5691086
5696099
5701086
5706078
5711086
5716111
5721092
5726234
5731107
5736111
5741101
5746094
5751100
5756105
5761090
5766089
5771091
5776111
5781093
5786091
5791081
5796103
5801091
5806086
5811085
5816114
5821093
5826098
5831109
5836117
5841095
