in clock thread id: 8name Notifier priority 5
4822799
-1
4843794
-1
4864540
4867200
4867515
4867808
4868106
4868399
4868678
4868953
4869080
4874318
4876940
4881945
4886897
4893567
4896931
4901932
4906883
4913682
4916876
4921895
4926825
4933010
4936835
4941896
4946928
4953346
4956831
4962131
4966824
4971825
4976858
4981835
4986848
4991868
4996851
5001827
5006835
5011859
5016848
5021816
5026842
5031858
5036850
5041813
5046839
5051859
5056851
5061834
5066840
5071859
5076991
5081855
5086854
5091869
5096849
5101819
5106839
5111862
5116837
5121842
5126839
5131871
5136853
5141829
5146841
5151863
5156846
5161828
5166977
5171857
5176847
5181836
5186834
5191870
5196852
5201849
5206828
5211864
5216848
5221825
5226815
5231864
5236858
5241829
5246816
5251864
5256842
5261831
5266804
5271859
5276930
5281862
5286902
5291909
5296861
5301841
5306819
5311871
5316852
5321833
5326816
5332002
5336852
5341838
5346822
5351856
5356851
5361833
5366812
5372027
5376883
5381846
5386825
5391880
5396864
5401839
5406805
5411861
5416861
5421829
5426818
5431854
5436868
5441830
5446818
5451859
5456871
5461835
5466820
5471864
5476863
5481834
5486816
5492007
5496867
5501841
5506817
5511856
5516849
5521845
5526822
5531855
5536850
5541847
5546816
5551859
5556848
5561852
5566820
5571880
5576867
5581862
5586837
5591866
5596848
5601859
5606824
5611862
5616837
5621844
5626824
5631866
5636838
5641849
5646822
5651858
5656846
5661849
5666982
5671872
5676924
5681883
5686836
5691885
5696855
5701858
5706834
5711868
5716850
5721827
5726839
5731859
5736852
5741832
5746843
5751873
5756845
5761832
5766828
5771857
5776848
5781830
5786840
5791827
5796873
5801832
5806838
5811862
5816855
5821857
5826860
5831866
5836851
5841830
5846842
5851874
5856853
5861833
5866839
5871865
5876844
5881831
5886836
5891869
5896851
5901828
5906819
5911866
5916847
5921829
5926819
5931865
5936851
5941832
5946816
5951872
5956846
5961826
5966823
5971883
5976855
5981825
5986824
5991869
5996872
6001835
6006818
6011876
6016851
6021820
6026894
6031911
6036853
6041833
6046818
6051868
6056859
6061861
6066822
6071866
