thread id: 8name Some-Notifier-Thread priority 10
4837580
-1
4855385
-1
4860840
4866376
4877478
4877957
4880405
4885567
4890318
4895279
4900288
4905656
4910291
4915368
4920305
4925925
4930281
4935300
4944312
4945322
4950388
4955351
4960318
4965344
4970295
4975281
4980378
4985328
4990293
4995287
5000273
5005310
5010344
5015357
5020360
5025371
5030352
5035270
5040333
5045391
5050407
5055296
5060282
5065288
5070279
5075287
5083479
5085299
5090360
5095352
5100300
5105354
5110309
5115273
5120347
5125309
5130362
5135268
5140289
5145328
5150439
5155351
5160414
5165303
5170303
5175278
5180280
5185368
5190307
5195277
5200282
5205320
5210293
5215282
5220289
5227726
5230301
5235356
5240362
5245313
5250307
5255278
5260282
5265330
5270349
5275285
5280322
5285326
5290306
5295358
5300420
5305328
5310298
5315284
5320275
5325378
5330303
5335293
5340267
5345328
5350291
5355280
5360281
5365656
5370352
5375352
5380331
5385342
5390298
5395272
5400275
5405289
5410268
5415272
5420256
5425298
5430294
5435426
5440322
5445348
5450326
5455313
5460389
5465327
5470399
5475365
5480383
5485328
5490322
5495332
5500321
5505329
5510382
5515347
5520360
5525362
5530322
5535331
5540326
5545330
5550303
5555333
5560368
5565367
5570436
5575431
5580376
5585356
5590408
5595386
5600444
5605348
5610339
5615268
5620496
5625298
5630270
5635251
5640257
5645321
5650352
5655338
5660345
5665381
5670354
5675254
5680261
5685295
5690275
5695256
5700253
5705292
5710270
5715343
5720359
5725378
5730340
5735266
5740261
5745336
5750288
5755256
5760255
5765352
5770289
5775259
5780257
5785321
5790354
5795377
5800292
5805344
5810286
5815260
5820259
5825728
5830281
5835252
5840247
5845302
5850291
5855335
5860342
5865447
5870306
5875263
5880276
5885321
5890297
5895253
5900259
5905319
5910294
5915266
5920248
5928055
5930318
5935359
5940322
5945315
5950279
5955258
5960257
5965290
5970284
5975262
5980262
5985334
5990301
5997545
6000352
6005339
6010372
6015278
6020263
6025301
6030290
6035263
6040304
6045345
6050281
6055262
6060320
6065305
6070264
6075269
6080267
6085301
6090277
6095301
6100308
6105290
